36
18463
6331
26498
19168
15724
11479
29360
26965
24468
5710
28151
23288
16835
9970
501
3006
11954
4840
5450
32406
14620
3919
171
311
12402
17442
18738
19741
19919
5472
21752
14798
11566
1898
19942
25698
26331
17068
9928
28738
23847
31359
30371
17712
4704
15182
7753
28296
6912
25592
27690
32709
32805
20086
12909
8774
9793
27582
832
12371
3091
22247
1900
347
30166
9101
9004
19327
22712
27511
23871
15957
6797
24439
15420
15077
31173
24466
3622
19704
12699
24161
20032
18835
11920
5047
7458
14014
26392
17029
32525
24713
11411
5626
21628
16209
2174
23022
16635
